0.255460113287 3 0 187 160
0.244197070599 18 52 243 179
0.2547121346 19 35 242 179
0.287019997835 18 41 185 132
0.262268722057 39 2 209 136
0.255519986153 3 8 237 134
0.325935930014 17 26 237 181
0.255860060453 14 26 221 166
0.253855884075 13 13 235 170
0.266366511583 3 15 233 170
0.394993335009 3 84 315 235
0.348014593124 13 86 315 235
0.469386070967 18 25 368 271
0.47500872612 20 4 363 271
0.21103361249 11 13 226 179
0.243680521846 9 66 237 179
0.297449707985 11 16 334 228
0.300019443035 11 14 309 228
0.355269312859 12 11 276 174
0.417628765106 26 26 287 176
