1.16473042965 15 6 240 145
1.09641575813 17 4 224 145
0.915715575218 44 58 221 142
0.929512858391 7 60 218 142
1.19527590275 33 68 225 146
1.23081147671 31 40 235 142
1.60341048241 31 16 225 161
1.15695178509 56 56 232 160
0.809170842171 13 65 222 133
1.27397286892 38 91 242 161
1.18360161781 37 92 248 160
1.25509619713 37 39 196 131
1.2805390358 24 21 214 136
0.924302279949 17 121 249 167
1.3253608942 2 67 254 165
1.60928893089 5 3 184 121
1.13347268105 0 37 178 121
0.819148778915 8 81 188 139
0.644473135471 11 66 194 143
1.3229162693 19 67 216 132
