0.560575127602 14 83 213 132
0.473070085049 28 52 244 157
0.361418426037 46 37 240 152
0.575897336006 12 41 187 136
0.459746539593 20 44 203 136
0.461180448532 13 6 237 132
0.570126712322 21 34 234 137
0.613924920559 15 56 223 134
0.44716656208 31 14 224 136
0.543112516403 7 66 233 170
0.865329742432 5 113 316 231
0.688933730125 13 105 316 231
0.645562648773 16 138 342 251
0.865643143654 30 85 364 250
0.347452700138 26 71 229 135
0.429098367691 57 66 237 134
0.456794142723 100 140 334 188
0.434135377407 14 140 218 188
0.460435271263 11 24 261 172
0.678890168667 19 84 277 172
