0.252210706472 15 1 240 145
0.268187552691 11 8 238 151
0.199035868049 18 29 217 142
0.226428613067 7 28 218 142
0.213100269437 20 24 222 169
0.19909375906 31 40 235 152
0.268705934286 1 52 238 166
0.213297054172 13 58 238 193
0.196232795715 7 64 222 133
0.200717121363 21 91 278 163
0.225720763206 16 12 248 160
0.218709886074 13 14 207 138
0.22680196166 24 16 214 143
0.276977747679 12 3 252 194
0.299524396658 3 67 261 194
0.187921881676 3 6 186 138
0.179657116532 2 51 178 138
0.148705750704 13 50 214 142
0.140759170055 5 63 193 158
0.260626167059 17 11 215 132
