0.20761975646 23 9 249 143
0.242738157511 14 21 234 139
0.202586919069 13 19 224 140
0.369716793299 14 75 290 177
0.309471219778 21 77 287 178
0.374035656452 6 16 304 190
0.348562031984 3 14 305 190
0.362386286259 17 15 317 244
0.353057175875 11 60 307 243
0.301432847977 11 4 236 176
0.248811975121 13 6 237 174
0.317837417126 4 40 241 170
0.342286229134 11 34 236 171
0.251466721296 48 26 241 138
0.259109288454 32 18 249 185
0.313209503889 12 54 228 185
0.171222954988 29 11 260 192
0.1371743083 15 12 247 189
0.251224279404 9 17 232 166
0.195092529058 41 17 230 168
