0.199030429125 30 8 255 154
0.244215428829 12 19 252 154
0.245143011212 23 16 256 174
0.250154435635 3 11 237 165
0.173716723919 32 14 226 130
0.171893343329 28 2 198 129
0.172448381782 11 84 237 187
0.144235372543 54 83 254 161
0.22418397665 46 87 224 153
0.203397840261 22 89 233 148
0.159622818232 43 18 213 159
0.184967905283 52 16 221 160
0.309264183044 23 40 244 178
0.307748317719 8 27 236 174
0.321201235056 16 21 247 125
0.37913620472 11 21 242 125
0.193349853158 22 35 195 112
0.192944571376 18 24 194 115
0.170181795955 33 15 269 85
0.169687777758 32 15 274 86
