0.663049638271 12 42 216 119
0.51620721817 28 48 223 112
0.693496584892 13 18 228 145
0.772389173508 14 22 228 144
0.512995302677 21 13 231 157
0.56958758831 12 26 226 157
1.04391396046 10 10 244 170
1.10840475559 15 3 261 170
0.39204248786 2 0 223 153
0.361445248127 66 10 235 125
0.554347753525 13 12 251 150
0.587938606739 20 29 267 148
0.635445594788 4 25 216 116
0.729735374451 7 25 219 115
0.738092422485 14 16 232 152
0.624722599983 32 67 209 152
0.581222712994 22 3 219 133
0.560729146004 34 56 226 148
0.546900331974 13 57 205 152
0.472253799438 49 80 195 143
