1.04323971272 27 43 216 119
0.915090680122 26 60 218 107
1.4111738205 17 13 228 143
1.40590512753 1 23 229 146
0.77437800169 30 19 231 151
0.792421400547 55 21 226 156
1.25878727436 6 2 244 170
1.64449071884 37 13 261 170
0.730459988117 8 85 233 123
0.766853630543 69 87 235 153
0.70555639267 11 14 249 148
1.15100502968 22 29 267 149
0.981146931648 15 25 216 116
1.02805197239 19 22 214 114
1.50595760345 56 17 226 152
1.06540334225 32 63 230 152
1.20118522644 19 23 213 135
0.846678555012 16 63 215 144
0.75163680315 13 57 149 152
0.984265387058 53 80 194 143
