0.0224875006825 18 96 213 142
0.0248249992728 15 28 234 138
0.0207749996334 13 58 232 138
0.0353499986231 9 94 279 174
0.0323750004172 21 77 287 174
0.0374250002205 13 16 304 161
0.0361000001431 3 16 301 161
0.0361125022173 13 21 322 245
0.0363750010729 11 61 307 243
0.030150000006 13 47 215 142
0.0240375008434 12 47 236 143
0.0281624998897 0 37 241 170
0.0302499998361 15 34 236 161
0.0266874991357 48 26 241 138
0.025462500751 67 47 217 184
0.0302750002593 13 37 193 185
0.0143750002608 96 11 255 163
0.0133250001818 29 16 179 163
0.0244999993593 35 17 223 168
0.0190375000238 41 105 219 165
