0.0180999990553 14 7 240 157
0.0206499993801 11 7 237 151
0.016862500459 44 60 196 151
0.0192499998957 50 56 204 154
0.0195250008255 15 91 220 170
0.0182125009596 57 86 228 169
0.0200625006109 34 128 227 188
0.0189750008285 14 127 221 183
0.0200124997646 7 64 223 157
0.017349999398 47 76 218 188
0.0206374991685 54 87 246 186
0.0189249999821 9 98 188 152
0.0193875003606 36 98 210 147
0.025712499395 11 121 238 194
0.028975000605 10 122 261 194
0.0156375002116 16 53 181 137
0.0168249998242 19 52 176 136
0.0131999999285 30 103 188 161
0.0150250000879 0 66 193 165
0.0261499993503 25 88 217 157
