0.667675971985 14 11 239 145
0.662168681622 13 4 239 151
0.531106054783 19 58 221 142
0.531252920628 12 60 228 142
0.477438867092 44 30 222 146
0.531657874584 24 40 235 142
0.730715155602 29 52 237 166
0.49982509017 37 58 238 160
0.481827825308 11 65 222 133
0.621678113937 47 84 276 162
0.564980983734 37 88 248 163
0.583953559399 33 39 212 138
0.616009116173 24 14 208 138
0.492672532797 39 21 263 169
0.617418169975 3 69 259 189
0.45587927103 9 37 185 133
0.451571524143 1 52 178 138
0.402169793844 19 50 218 147
0.38665702939 7 68 194 148
0.597249031067 20 81 214 132
