0.0233500003815 3 77 213 132
0.0198125001043 28 57 237 179
0.0207125004381 19 57 229 175
0.0287999995053 18 41 185 132
0.0265250001103 40 41 209 136
0.0192750003189 10 26 237 134
0.0310500003397 17 35 228 139
0.0243500005454 14 59 221 166
0.0217499993742 31 64 235 167
0.0253125000745 1 64 232 167
0.0358125008643 10 113 316 235
0.0310375001281 13 113 315 235
0.0267750006169 1 152 361 249
0.0316375009716 31 98 364 251
0.0183624997735 8 71 240 179
0.0221375003457 15 66 242 179
0.0198500007391 68 146 323 188
0.0183624997735 16 140 218 188
0.032349999994 12 26 267 172
0.0374874994159 30 26 287 172
