0.914331078529 33 7 205 154
0.708922684193 34 19 235 154
0.69927406311 0 128 252 165
1.0726006031 18 81 237 165
0.818535685539 28 69 221 132
0.606055319309 27 66 171 125
0.50249516964 166 91 228 186
0.491891801357 23 131 229 157
1.0521531105 23 96 239 148
0.708709299564 12 95 238 148
0.792720615864 42 99 215 156
0.61776059866 49 126 210 160
1.38068783283 23 40 209 171
1.35860216618 27 27 232 152
1.28184330463 14 60 247 125
1.5015027523 43 30 242 125
0.753343045712 5 54 174 112
0.808384656906 9 47 193 115
0.729413986206 45 29 279 81
0.731059730053 27 26 217 85
