0.0117375003174 39 103 255 154
0.0147125003859 12 103 229 154
0.0159125011414 70 106 255 161
0.017349999398 11 93 237 165
0.0160249993205 28 86 207 129
0.0149499997497 25 90 207 130
0.0102500002831 11 97 210 161
0.0108625004068 58 99 244 161
0.0181000009179 46 96 225 153
0.0166999995708 27 116 234 149
0.0113874999806 65 104 202 157
0.0126374997199 49 118 210 160
0.0221875011921 22 86 244 172
0.0201750006527 27 89 232 172
0.0287124998868 33 25 247 125
0.0337624996901 11 23 231 125
0.0172250010073 22 35 197 111
0.0176625009626 20 23 194 115
0.0140500003472 55 15 241 78
0.0140375001356 56 15 217 79
