0.442509025335 30 7 229 154
0.4199873209 12 12 252 154
0.431784331799 23 33 256 165
0.616255521774 11 11 238 165
0.370505213737 32 14 195 130
0.408494800329 27 63 171 126
0.369727581739 11 84 238 156
0.289538800716 28 76 198 157
0.508746981621 46 89 226 153
0.398446679115 0 92 235 150
0.38343167305 43 81 213 156
0.396586030722 50 78 227 160
0.682978570461 23 40 237 172
0.76190084219 23 27 216 174
0.714197218418 12 29 247 125
0.820554375648 11 23 242 125
0.393043875694 11 51 195 111
0.462045460939 20 34 193 115
0.404370903969 45 15 279 85
0.382702261209 45 19 274 81
