0.835061609745 69 99 249 145
0.639965832233 17 93 235 139
0.744399607182 37 59 224 133
1.51258456707 3 94 275 177
1.25184822083 32 57 231 175
0.88208770752 63 30 252 161
1.09250676632 69 35 253 161
1.79353380203 73 61 310 242
1.46166288853 26 54 278 242
1.38552188873 12 40 237 176
1.08180141449 12 79 236 143
1.51265156269 9 44 236 158
1.81111204624 15 32 241 159
0.71607530117 41 22 234 141
0.814880728722 36 109 236 164
1.19593071938 46 94 201 160
0.531734347343 155 3 227 165
0.533391714096 49 50 239 145
1.19859230518 35 15 237 169
0.932025313377 54 19 193 165
