0.0247625000775 12 45 216 119
0.0235500000417 23 50 224 120
0.0232500005513 0 18 228 149
0.0280000008643 14 21 228 145
0.0176625009626 1 56 240 157
0.0228374991566 6 51 239 157
0.0428625009954 4 5 258 170
0.0436000004411 13 1 261 170
0.0151625005528 3 7 234 153
0.0186625011265 94 15 235 152
0.0110250003636 13 12 246 147
0.0126374997199 18 113 257 147
0.0236499998719 4 24 216 114
0.0277249999344 19 24 219 114
0.0170000009239 32 83 230 151
0.014762500301 29 92 209 151
0.0142999999225 40 89 233 131
0.0275375004858 25 56 226 157
0.0300249997526 13 57 205 167
0.0206000003964 51 94 198 140
