1.21193027496 19 81 214 131
0.695760130882 16 52 244 151
0.899819135666 18 34 239 151
1.14683890343 23 53 185 130
0.666357278824 20 65 209 136
0.905864238739 15 85 209 131
1.14119923115 31 67 207 141
1.30254137516 15 59 221 132
0.861519098282 15 84 208 139
1.08841502666 12 66 230 141
1.86305356026 2 84 257 231
1.13153159618 41 79 258 230
1.12433075905 36 142 336 246
1.61722195148 118 142 371 249
0.68929797411 26 70 201 135
0.880110263824 55 66 237 134
1.20714092255 100 139 297 189
0.792677462101 16 152 231 188
0.908622860909 10 120 224 165
1.08566200733 71 102 255 172
