0.458804279566 17 95 249 141
0.372396796942 15 54 234 139
0.363330483437 13 58 224 138
0.840862870216 30 75 290 177
0.555592894554 32 77 231 175
0.643953084946 62 30 251 164
0.558713912964 12 14 292 163
0.885856509209 73 49 316 242
0.86753821373 14 53 277 243
0.661284029484 5 70 236 176
0.51882481575 12 72 237 174
0.626932561398 22 43 212 159
0.852456927299 15 32 236 161
0.42819160223 40 26 233 139
0.481113165617 67 21 211 164
0.555695652962 45 54 227 158
0.283577203751 155 11 227 166
0.272176712751 29 64 250 163
0.591022253036 32 17 231 168
0.509279310703 41 17 230 165
